0.0390236,0.00549444,0.21876,0.0298878,0.0245523,0.0321867,0.218018,0.0040294,0.0254752,0.0297993,0.00448527,0.0362433,0.0033634,0.0281978,0.00381218,0.00400973,0.00409615,0.00329852,0.00353677,0.00409615,0.00340384,0.00352472,0.00234084,0.00327821,0.00395853,0.00270073,0.00285507,0.0025281,0.00278015,0.00293796,0.00276346,0.00291727,0.00296689,0.00329852,0.00283845,0.00273003,0.00279266,0.00295863,0.00285922,0.00263357,0.00313953,0.0028426,0.00304929,0.00378042,0.0040294,0.00400186,0.00366092,0.00304929,0.00330258,0.00297101,0.0023237,0.00259989,0.00244325,0.00278432,0.0286063,0.00274257,0.217769,0.00272166,0.00283429,0.00243474,0.00191524,0.00201628,0.0025281,0.00275928,0.0241164,0.0268667,0.00275511,0.0237228,0.0336084,0.00237505,0.036785,0.0252473,0.00332693,0.00302049,0.00261674,0.00205124,0.00569155,0.0016569,0.00196805,0.00225498,0.00225498,0.00231084,0.00265038,0.00289242,0.00158465,0.0016659,0.217319,0.0023494,0.00280932,0.00368487,0.00247724,0.00324974,0.00264618,0.00219026,0.00206433,0.00220323,0.00323345,0.00245601,0.00219891,0.00251117,0.00287583,0.0014479,0.00245175,0.00192406,0.0372411,0.0234825,0.00188876,0.0270457,0.0256728,0.0012814,0.00232799,0.00178229,0.0277692,0.00205997,0.00148454,0.0016118,0.0018445,0.00111664,0.00207741,0.00202503,0.0230945,0.00162986,0.00133721,0.00168837,0.0242948,0.00144332,0.027211,0.118434,0.116774,0.0305282,0.0338626,0.0274479,0.0256674,0.0287114,0.0225822,0.0220979,0.0244264,0.00174659,0.00196805,0.0287088,0.404571,0.00257459,0.00205561,0.0235378,0.0347994,0.00162986,0.00244325,0.00127673,0.0344696,0.00211658,0.00198561,0.000890075,0.0226045,0.001244,0.00101624,0.00111189,0.00223344,0.00129072,0.00143873,0.00173765,0.0254671,0.00137424,0.00140193,0.00144332,0.0485476,0.00146166,0.00109761,0.00114037,0.00233227,0.00141114,0.00143413,0.00220755,0.00225498,0.00182232,0.00158465,0.0017108,0.00273003,0.00171976,0.0016118,0.030373,0.00194607,0.00298339,0.00258724,0.00219459,0.00301225,0.0275861,0.00332693,0.0257809,0.00314363,0.00239639,0.00202065,0.00178229,0.0290525,0.00538607,0.00293382,0.0255862,0.0359544,0.0304299,0.0244894,0.00319267,0.0255402,0.00181343,0.00204688,0.00182232,0.00300401,0.0245687,0.00221186,0.00219459,0.02824,0.0024475,0.00270073,0.0234963,0.00305751,0.0270484,0.0219462,0.0280789,0.00383201,0.0282558,0.00315181,0.00405691,0.00319675,0.0232222,0.0245578,0.00294623,0.00343211,0.00396641,0.00271329,0.00316816,0.00394669,0.0059758,0.00778612,0.00321715,0.0283851,0.00397035,0.0253993,0.0038637,0.52202,0.00447368,0.00452387,0.218084,0.00447755,0.00494109,0.00737425,0.0064286,0.0287824,0.0270083,0.00528107,0.00496767,0.00476195,0.00475047,0.00375657,0.00407654,0.00528107,0.0361767,0.00504728,0.00485737,