0.000200768,0.00018032,8.45992e-05,7.34261e-05,2.66432e-05,0.000170005,9.56308e-05,2.66432e-05,9.56308e-05,7.34261e-05,7.34261e-05,0.000579963,5.05509e-05,0.000170005,6.20878e-05,9.56308e-05,9.56308e-05,0.000250975,1.40055e-05,0.000149173,0.000170005,6.20878e-05,0.000138646,0.000149173,3.87646e-05,6.20878e-05,0.00018032,0.00018032,0.000597955,0.0003001,0.000170005,0.000250975,0.00018032,0,0.000543773,7.34261e-05,0.000231035,1.40055e-05,5.05509e-05,9.56308e-05,8.45992e-05,6.20878e-05,0.000128036,0.000386386,0.000470491,0.000106539,5.05509e-05,5.05509e-05,5.05509e-05,7.34261e-05,0.000117337,3.87646e-05,0.000414638,1.40055e-05,5.05509e-05,7.34261e-05,9.56308e-05,0.000210908,0.000117337,8.45992e-05,8.45992e-05,0.000319494,0.000159624,0.000138646,0.000149173,2.66432e-05,0.000433349,0.000615881,0.000117337,0.000442668,0.000138646,9.56308e-05,6.20878e-05,6.20878e-05,0.000149173,0.000488932,7.34261e-05,8.45992e-05,7.34261e-05,3.87646e-05,0.000190573,0.00052557,9.56308e-05,8.45992e-05,0.000270742,0.000170005,5.05509e-05,3.87646e-05,3.87646e-05,3.87646e-05,0.000190573,0.000470491,9.56308e-05,0.000260879,0.000241027,0.000498121,0.000451965,0.000588968,0.000138646,0.000106539,0.000395829,0.000651545,5.05509e-05,0.000106539,0.00122102,8.45992e-05,0.000117337,0.000357894,0.00051644,9.56308e-05,6.20878e-05,0.000138646,0.000138646,0.000338756,0.000149173,0.000479722,0.000357894,0.000200768,0.000190573,0.000149173,0.000241027,6.20878e-05,0.000250975,0.000461239,0.00125373,7.34261e-05,0.000220997,0.00679735,0.0058161,0.000748425,0.000290351,0.000329141,0.000329141,0.000270742,0.000138646,2.66432e-05,0.000220997,6.20878e-05,0.000106539,2.66432e-05,0.000280565,6.20878e-05,8.45992e-05,0.000309814,0.000210908,3.87646e-05,0.000128036,0.000241027,7.34261e-05,0.000106539,0.000588968,6.20878e-05,0.000138646,0.000149173,0.000117337,5.05509e-05,0.000128036,7.34261e-05,7.34261e-05,5.05509e-05,0.000642652,0.000117337,0.000200768,0.000200768,0.000200768,6.20878e-05,6.20878e-05,6.20878e-05,0.000117337,2.66432e-05,3.87646e-05,2.66432e-05,6.20878e-05,1.40055e-05,0.000106539,7.34261e-05,0.000138646,6.20878e-05,9.56308e-05,7.34261e-05,9.56308e-05,0.00050729,7.34261e-05,3.87646e-05,3.87646e-05,2.66432e-05,6.20878e-05,5.05509e-05,0.000414638,2.66432e-05,3.87646e-05,5.05509e-05,0.000597955,0.000270742,0.000159624,0.000280565,0.000220997,0.000170005,0.000190573,0.000451965,0.000190573,0.000128036,0.000117337,0.000106539,0.000138646,9.56308e-05,0.000106539,6.20878e-05,0.000424005,0.000479722,0.000424005,0.00052557,0.000739685,0.00051644,0.00050729,0.000552847,0.000190573,7.34261e-05,8.45992e-05,5.05509e-05,0.000128036,0.000615881,2.66432e-05,0.000414638,5.05509e-05,0.000386386,7.34261e-05,0.000138646,0.000376917,0.000903692,0.000128036,0.000159624,0.000170005,0.000338756,0.000250975,0.000190573,0.000488932,0.00034834,0.000338756,0.000376917,9.56308e-05,6.20878e-05,0.000329141,0.000903692,0.000651545,0.000190573,0.000170005,0.00018032,0.000170005,0.000231035,0.000488932,0.000451965,0.000170005,0.000128036,5.05509e-05,7.34261e-05,