0.0299692,0.0283505,0.0277372,0.0291747,0.0280744,0.0295311,0.0288052,0.0284224,0.0292461,0.0289841,0.0267682,0.0294243,0.0284104,0.030382,0.0291747,0.0294362,0.0280984,0.029008,0.0291033,0.0285182,0.02793,0.0284703,0.0291747,0.0290437,0.0282425,0.0287096,0.0290318,0.0285062,0.0295074,0.0285302,0.0293531,0.0292817,0.0296734,0.0291271,0.0288529,0.0271326,0.0289006,0.0291866,0.0280022,0.0278457,0.0284344,0.028602,0.0276769,0.02859,0.0276407,0.0291271,0.0289245,0.0282185,0.0287454,0.0292461,0.0297089,0.0295074,0.0280984,0.0273991,0.0294124,0.02793,0.0283745,0.0277975,0.0278819,0.0297208,0.0289722,0.0399567,0.0294718,0.0297918,0.0300401,0.0278578,0.0287215,0.0287574,0.0284703,0.0280984,0.0285182,0.0283385,0.0290556,0.02859,0.0290914,0.0291628,0.0293055,0.0289603,0.0294955,0.0293412,0.0296616,0.0285781,0.0283984,0.0287813,0.0287335,0.0297208,0.0292699,0.0296971,0.0288768,0.0285302,0.0285182,0.0301935,0.0296379,0.0282545,0.029851,0.029543,0.0287574,0.0285661,0.0295193,0.0293531,0.029981,0.0283385,0.0285421,0.0404141,0.0300401,0.0278216,0.0290675,0.0283625,0.0297918,0.0299101,0.0288887,0.028996,0.0283864,0.029008,0.0287693,0.0273023,0.0287454,0.0277975,0.0295311,0.028602,0.028996,0.0297089,0.0280744,0.028829,0.0284583,0.0281945,0.0294006,0.0386522,0.191765,0.0328516,0.0289483,0.02978,0.0295549,0.0294837,0.0294718,0.0303703,0.0310863,0.0303585,0.0288768,0.0296971,0.0292104,0.0276407,0.0291628,0.0323433,0.0329784,0.0294362,0.0288171,0.0286139,0.0291628,0.0296023,0.0294243,0.0287693,0.033507,0.0283984,0.0284703,0.029139,0.0292104,0.0289364,0.0291271,0.0302878,0.0354975,0.0297208,0.0280263,0.0283864,0.0290794,0.0298983,0.0311214,0.0291509,0.029008,0.0294837,0.0294243,0.0293055,0.0289364,0.0289603,0.0292342,0.0282665,0.0417452,0.0419604,0.0404359,0.0411191,0.041756,0.040805,0.0429464,0.041659,0.0425293,0.0416159,0.0412813,0.0415728,0.0447402,0.0410975,0.0409243,0.0416159,0.0297326,0.0288887,0.033128,0.0292223,0.0287096,0.0295074,0.0298628,0.029139,0.0286737,0.0297563,0.0293174,0.0285302,0.0296023,0.0289483,0.0287096,0.0284464,0.0280744,0.0294599,0.0293768,0.029981,0.0293293,0.0308403,0.0284703,0.0274354,0.0287932,0.0294955,0.0277975,0.0283625,0.0291866,0.0289722,0.0280142,0.0279781,0.0283025,0.0329093,0.0297089,0.0309809,0.0307464,0.0351924,0.0326093,0.0309341,0.0297089,0.0329093,0.0294955,0.0283505,0.0325631,0.0299101,0.0336445,0.0341474,0.0304409,0.0282545,0.034455,0.0318793,0.034932,0.0315884,0.0294837,0.0295667,0.0293293,0.0292104,0.0290318,0.0280503,0.0306525,0.0288529,0.0287215,0.0301345,