0.0281394,0.0228398,0.0186471,0.0469693,0.0271751,0.0318267,0.0188995,0.0208426,0.0292312,0.0421455,0.026759,0.0739925,0.0203981,0.0366847,0.0191511,0.0200508,0.0423089,0.0195522,0.0162337,0.0229842,0.0213338,0.0192014,0.0191009,0.0274055,0.0197021,0.0179871,0.0167537,0.0170639,0.0191511,0.0195522,0.0172185,0.0182416,0.0195522,0.0237031,0.0191511,0.0200508,0.0191009,0.0201005,0.0177829,0.0183431,0.0179871,0.0188995,0.0190506,0.018089,0.0192516,0.0181907,0.017167,0.0186471,0.019752,0.0176294,0.0190506,0.0183431,0.0192516,0.0181907,0.0194521,0.0176806,0.0198019,0.0176294,0.0201998,0.0183431,0.0189499,0.017167,0.020299,0.0188995,0.0322243,0.0244641,0.0229842,0.0283678,0.0268054,0.0184953,0.0245588,0.0456184,0.0209902,0.0225985,0.0188491,0.0177317,0.0391296,0.018038,0.0181907,0.0170123,0.0211867,0.0200508,0.0211376,0.0190003,0.0185965,0.0179871,0.0176294,0.0196022,0.0211867,0.0183939,0.0200011,0.0204476,0.0201998,0.0202494,0.018038,0.0179361,0.0218223,0.019402,0.0184446,0.0211376,0.0214317,0.0190003,0.0196022,0.0201998,0.0448181,0.0210394,0.0185965,0.0294121,0.0241319,0.018038,0.0190003,0.0201502,0.0244641,0.0184446,0.0189499,0.0224051,0.0201005,0.0176806,0.0214806,0.0240844,0.0277272,0.0217248,0.0200508,0.0202494,0.0285046,0.020744,0.0216272,0.0844072,0.4981,0.0680346,0.0387112,0.0363438,0.0474037,0.047719,0.0265736,0.0225985,0.0435689,0.0214317,0.0217248,0.0200508,0.0334965,0.0253132,0.0223567,0.0358309,0.0351007,0.0211867,0.0206453,0.0196022,0.0273594,0.0275894,0.0179871,0.0193018,0.0251722,0.017885,0.0181907,0.0183939,0.0233204,0.020744,0.0186976,0.0181399,0.0306705,0.020744,0.0193519,0.018089,0.0581198,0.021676,0.0196022,0.0183431,0.0207933,0.0197021,0.0185965,0.021871,0.021676,0.0191009,0.0211867,0.0183939,0.0237986,0.0198517,0.0206453,0.0250781,0.0224535,0.0257818,0.0193519,0.0187481,0.0213828,0.0228398,0.0203486,0.0288685,0.0215295,0.0216272,0.0194521,0.0193519,0.0808623,0.0319594,0.0211376,0.0223567,0.0511448,0.0334528,0.0265272,0.0341927,0.0242269,0.0302675,0.0205959,0.0179871,0.023512,0.0251722,0.0291406,0.020497,0.0525634,0.0265272,0.0236076,0.0294573,0.0225985,0.0272212,0.0294121,0.0277272,0.0320919,0.0234162,0.0208426,0.0242744,0.0274975,0.0247952,0.0252662,0.0242744,0.0231765,0.026759,0.0203486,0.0219684,0.0261552,0.033758,0.0222597,0.0196521,0.0398794,0.0265736,0.0292765,0.0187481,0.030581,0.022017,0.026759,0.0289139,0.0234641,0.0183939,0.0301329,0.024748,0.0485042,0.0415311,0.0225985,0.0195522,0.020497,0.0193018,0.0177829,0.0176294,0.0221627,0.0215784,0.0198517,0.0207933,