0.0453209,0.0222464,0.0143263,0.0465076,0.0252095,0.0396773,0.0176417,0.0149228,0.0232344,0.0527345,0.0147907,0.126228,0.0220656,0.0448236,0.0138586,0.0140595,0.0177053,0.0116057,0.0116057,0.0172594,0.0178005,0.01332,0.0131168,0.0121597,0.0178639,0.0141263,0.0115361,0.012469,0.0164242,0.0136235,0.0125717,0.0126743,0.0176735,0.0151204,0.0188717,0.0244772,0.0179906,0.0162301,0.0134214,0.0125375,0.0144261,0.0124347,0.0163919,0.0131507,0.014592,0.0152847,0.0131507,0.0135562,0.0160356,0.0140929,0.012606,0.0133538,0.0174189,0.0150217,0.0143263,0.0135562,0.0298616,0.012469,0.0137244,0.0149887,0.0155468,0.0149228,0.0138922,0.0136908,0.0416768,0.0186209,0.0329762,0.0280022,0.0213692,0.0142597,0.0262836,0.0303355,0.018903,0.0244772,0.0124347,0.013758,0.128066,0.0131507,0.0205448,0.0159056,0.0174189,0.0150217,0.012913,0.012981,0.0176099,0.0148567,0.0142597,0.014592,0.0223366,0.0151204,0.0138922,0.0154486,0.0171635,0.0139257,0.012913,0.0712019,0.0634441,0.0143928,0.0135225,0.0113965,0.0214907,0.0147245,0.0120907,0.0126401,0.0627083,0.0321573,0.0121941,0.0266872,0.0418295,0.0110813,0.0131168,0.0135562,0.0357467,0.0184323,0.012913,0.0148898,0.0200525,0.0112217,0.0195574,0.0188717,0.0232939,0.0324309,0.0151862,0.0187151,0.0381451,0.0208816,0.0249172,0.22626,0.461473,0.0595304,0.0374118,0.0343557,0.0508058,0.0287102,0.0336814,0.0295819,0.0707101,0.0226368,0.0217332,0.0163272,0.0451222,0.0201142,0.0178956,0.0323763,0.045147,0.0280874,0.0188091,0.0139257,0.0260234,0.0298336,0.0154486,0.0154814,0.0242122,0.0200216,0.012913,0.0167144,0.0243301,0.0142597,0.0137916,0.0150546,0.0380929,0.0158405,0.0141597,0.0175463,0.0266296,0.0150875,0.0166822,0.0126401,0.0193398,0.012947,0.0155141,0.0158079,0.0192464,0.0170675,0.0187777,0.0137244,0.0275752,0.0224268,0.0216121,0.0347317,0.0284276,0.0220354,0.0234426,0.0192152,0.0250927,0.0281158,0.0232046,0.0365687,0.0222163,0.0267734,0.0244772,0.0223066,0.0315807,0.0227267,0.0157427,0.0204527,0.0301406,0.0558531,0.0331936,0.0209427,0.0244184,0.0202374,0.0144261,0.0143596,0.0202682,0.11831,0.0194642,0.0155141,0.0581376,0.0347585,0.0217635,0.0303355,0.0188091,0.0321025,0.0370173,0.0375955,0.019028,0.0233237,0.012913,0.0184009,0.017737,0.033085,0.0256173,0.0222765,0.0198053,0.0265432,0.014026,0.0221862,0.0287102,0.0440996,0.0230854,0.0167787,0.0346244,0.0248294,0.0281725,0.013015,0.0326221,0.0164242,0.0239465,0.0280022,0.0284559,0.0138586,0.0292172,0.0270891,0.0605055,0.0611151,0.0198981,0.0319106,0.0205448,0.0168429,0.0139257,0.0142597,0.0206674,0.030946,0.0188091,0.0175781,