0.0250677,0.0439091,0.0152935,0.0529578,0.0301121,0.0710477,0.0188282,0.0156177,0.0248194,0.0326473,0.0228515,0.077882,0.0173076,0.0674467,0.0277608,0.0163533,0.018384,0.0163075,0.0161701,0.0155253,0.0156639,0.02247,0.0155253,0.0152471,0.0156177,0.0156639,0.0170362,0.0171268,0.0275188,0.0161242,0.0166272,0.0167183,0.0170815,0.0204512,0.016399,0.0167638,0.0159864,0.0169001,0.0169909,0.0141702,0.019797,0.0158484,0.0158944,0.017443,0.0159864,0.0159864,0.0152006,0.0144528,0.0170815,0.0157101,0.0166728,0.0160324,0.019402,0.0151541,0.0222148,0.0602864,0.0233578,0.047031,0.0156639,0.0168093,0.0201901,0.0192259,0.018473,0.0161242,0.0485166,0.0273976,0.027801,0.0363345,0.0278413,0.0153399,0.0232315,0.0271548,0.0254392,0.0261779,0.0212298,0.0169455,0.0163533,0.0162617,0.0260142,0.0181163,0.0202772,0.0165816,0.0170815,0.0167638,0.0221296,0.0160324,0.016536,0.0157101,0.0223,0.0165816,0.0368952,0.0178925,0.0156177,0.0153399,0.0158944,0.0154327,0.0221722,0.0199282,0.0169001,0.0162159,0.0205814,0.0191377,0.0153863,0.0187395,0.0845802,0.0228938,0.0169001,0.0304664,0.0510405,0.016399,0.0278816,0.0178028,0.023105,0.0206682,0.0170362,0.0188282,0.019358,0.0166272,0.0271548,0.0215736,0.0359217,0.0214448,0.019797,0.0201465,0.0379354,0.0292014,0.0454957,0.178643,0.457816,0.0610854,0.0426987,0.0304271,0.0557431,0.0415141,0.0386734,0.0299542,0.0583214,0.0609898,0.0167638,0.0155253,0.0453905,0.0294397,0.0191377,0.0443339,0.0325315,0.0200156,0.0186952,0.0180716,0.0228092,0.0338377,0.0162617,0.013839,0.0246119,0.0254392,0.0197532,0.0203208,0.0186508,0.0326087,0.0159864,0.0152006,0.0241957,0.0191818,0.0161701,0.0167638,0.0378243,0.0213159,0.0161701,0.0189167,0.0168093,0.0190052,0.0175781,0.0161701,0.0320283,0.0190052,0.0172625,0.0142174,0.0277205,0.0230628,0.0192259,0.0418741,0.0158484,0.0202337,0.0168093,0.0151076,0.0185175,0.0259323,0.0168547,0.0429487,0.0241122,0.0199282,0.0167183,0.0167183,0.0301515,0.0190052,0.0236519,0.0454256,0.0257682,0.0295586,0.0176681,0.0158484,0.0243207,0.0406825,0.0425199,0.0165816,0.019358,0.023484,0.0175331,0.0148277,0.065527,0.0236099,0.018161,0.0342954,0.0188282,0.0251504,0.0412615,0.0358466,0.0178925,0.04762,0.0147342,0.0208846,0.0195778,0.0207981,0.0287233,0.0241539,0.0168547,0.0179373,0.026423,0.0204077,0.0265861,0.0276802,0.0169909,0.0168093,0.0595159,0.0201029,0.0447927,0.0153863,0.0236099,0.0170815,0.0259732,0.0189167,0.0211436,0.0149212,0.0276802,0.0185175,0.0941025,0.0487571,0.0230206,0.0182948,0.0166272,0.0178028,0.0170815,0.0151541,0.0237776,0.0210574,0.0170362,0.0152935,