0.0129041,0.0130833,0.0131898,0.013611,0.0129558,0.0129351,0.0138426,0.0134127,0.0138528,0.0132722,0.0135017,0.0136212,0.0134572,0.0133511,0.0136621,0.0134196,0.0129558,0.0132482,0.0133477,0.0130764,0.0130213,0.0132825,0.0134264,0.0132997,0.0133271,0.0131658,0.0132311,0.0131417,0.013152,0.0134709,0.0132791,0.0135188,0.0132173,0.0126863,0.0131864,0.0130592,0.0130179,0.0129075,0.0131039,0.0131417,0.0131864,0.0133237,0.0130213,0.0132414,0.013207,0.0129834,0.013097,0.0133956,0.0129903,0.013097,0.0130798,0.0132619,0.0133511,0.0131761,0.0131452,0.0133682,0.0131624,0.0130557,0.0138392,0.0131624,0.0130144,0.0132722,0.0130901,0.0131692,0.0130454,0.0135324,0.013042,0.0130454,0.0133442,0.0133819,0.0128626,0.0131727,0.0130523,0.012714,0.0129834,0.0131073,0.0133477,0.0130661,0.0131727,0.0128143,0.0127209,0.0129455,0.0129593,0.0133134,0.0128903,0.0127728,0.0129524,0.0128488,0.0127174,0.0132688,0.0135529,0.0127762,0.0133579,0.0129696,0.0131761,0.0129179,0.0136314,0.0129558,0.0129248,0.012835,0.0127693,0.0132516,0.0126863,0.0127728,0.0128523,0.0131005,0.0130764,0.0128281,0.0133477,0.0131555,0.0131039,0.0132516,0.0211373,0.0201241,0.020221,0.0132928,0.0127105,0.0129662,0.0131898,0.0127001,0.012551,0.0131658,0.0128005,0.0130179,0.0132208,0.0128454,0.0131314,0.0243554,0.411115,0.0208401,0.0132208,0.0136724,0.0128419,0.0133477,0.0133408,0.0132276,0.0130351,0.0131211,0.0129075,0.0131452,0.0129972,0.0130351,0.0132242,0.0131073,0.0131452,0.0128661,0.0129351,0.0129455,0.0132448,0.0132036,0.0129696,0.0132276,0.0133271,0.0128212,0.0129524,0.0134914,0.013097,0.0132139,0.0130316,0.0134298,0.0129799,0.0131108,0.0129558,0.0133614,0.013399,0.0131967,0.0133031,0.0131005,0.0132928,0.0130867,0.0131589,0.0131589,0.0130075,0.0132276,0.0132002,0.0131314,0.0133956,0.0131005,0.013042,0.0132551,0.0128661,0.013042,0.0132242,0.0131005,0.0130798,0.0130006,0.0130041,0.013152,0.0132311,0.0133271,0.0129627,0.0135563,0.0130179,0.0130351,0.0134059,0.01331,0.0131864,0.0133477,0.012942,0.0131177,0.0129765,0.0133614,0.0134093,0.0131589,0.0132345,0.0130764,0.0127001,0.0130695,0.0131727,0.01331,0.0133031,0.0133477,0.0133237,0.0135802,0.0130798,0.0130661,0.0128799,0.0130282,0.0131177,0.0131177,0.0130041,0.0132242,0.0133682,0.0132036,0.0134333,0.0132962,0.0132619,0.014053,0.0131039,0.013399,0.0137813,0.0133168,0.0131589,0.013152,0.0134504,0.0132345,0.0130351,0.0131761,0.0132311,0.013097,0.0132173,0.0133202,0.0132242,0.0133648,0.0131624,0.0132208,0.0132139,0.0131383,0.0130798,0.0131417,0.0126897,0.0133648,0.0131761,0.0134367,0.0131692,0.0130798,