4.49644e-05,8.51101e-05,9.8045e-05,0.000110814,4.49644e-05,0.000123437,0.000110814,9.8045e-05,5.86192e-05,9.8045e-05,7.19813e-05,0.000554606,3.09158e-05,0.000135932,7.19813e-05,8.51101e-05,4.49644e-05,3.09158e-05,4.49644e-05,3.09158e-05,7.19813e-05,8.51101e-05,0.00014831,0,7.19813e-05,3.09158e-05,9.8045e-05,3.09158e-05,4.49644e-05,3.09158e-05,8.51101e-05,3.09158e-05,1.6261e-05,5.86192e-05,7.19813e-05,0.000184847,9.8045e-05,4.49644e-05,9.8045e-05,3.09158e-05,5.86192e-05,7.19813e-05,0.000160583,8.51101e-05,0.000123437,7.19813e-05,8.51101e-05,4.49644e-05,1.6261e-05,0.000123437,5.86192e-05,7.19813e-05,3.09158e-05,5.86192e-05,0.000135932,4.49644e-05,0.000135932,5.86192e-05,0.000160583,0.00014831,0.000110814,8.51101e-05,0.00014831,9.8045e-05,0.000110814,0.000184847,0.000618029,0.000135932,8.51101e-05,0.000196851,0.000575841,0.000135932,0.000110814,4.49644e-05,0.000208778,0,0.000110814,9.8045e-05,0.00014831,8.51101e-05,7.19813e-05,0.000110814,5.86192e-05,0.000232419,8.51101e-05,8.51101e-05,7.19813e-05,9.8045e-05,5.86192e-05,7.19813e-05,0.000172759,8.51101e-05,0,3.09158e-05,0.000184847,5.86192e-05,0.000208778,0.000160583,3.09158e-05,0.000110814,5.86192e-05,1.6261e-05,1.6261e-05,5.86192e-05,0.00133335,1.6261e-05,0.000123437,0.000596981,0.000184847,3.09158e-05,0.000135932,0.000110814,0.000135932,3.09158e-05,0.000123437,0.00014831,9.8045e-05,0.000135932,0.000232419,8.51101e-05,9.8045e-05,8.51101e-05,9.8045e-05,0.000232419,0.000160583,0.000628521,0.000313288,0.00168856,0.0042424,0.000638991,0.000424959,0.000267404,0.000290447,0.000267404,0.000160583,7.19813e-05,0.000278952,1.6261e-05,8.51101e-05,4.49644e-05,0.000196851,8.51101e-05,0.00014831,0.000123437,0.000267404,8.51101e-05,3.09158e-05,9.8045e-05,8.51101e-05,9.8045e-05,4.49644e-05,3.09158e-05,9.8045e-05,1.6261e-05,0.000123437,7.19813e-05,0.000135932,5.86192e-05,8.51101e-05,5.86192e-05,0.000670276,0.00014831,0.000244141,0.000232419,0.000255802,0.000575841,7.19813e-05,7.19813e-05,0.000110814,0.000172759,0.00014831,0.000160583,0.000575841,0.000232419,0.000110814,5.86192e-05,0.000160583,0.000110814,5.86192e-05,0.000123437,3.09158e-05,5.86192e-05,8.51101e-05,0,4.49644e-05,0,3.09158e-05,1.6261e-05,0.00014831,3.09158e-05,0.000123437,7.19813e-05,0.000722022,0.000255802,7.19813e-05,0.000347207,0.000196851,0.000208778,0.000172759,0.000290447,7.19813e-05,0.000196851,0.000110814,7.19813e-05,0.000135932,0.000324639,0.000160583,5.86192e-05,0.000402926,0.000347207,0.00139024,0.000511837,0.000184847,0.000607516,0.000628521,0.000732315,0.000135932,7.19813e-05,0.00130478,3.09158e-05,0.000123437,0.000533273,5.86192e-05,5.86192e-05,8.51101e-05,0.000533273,0.000160583,0.000347207,0.000380752,0.000974465,0.000123437,0.000160583,0.00014831,0.000479479,0.000232419,0.000110814,0.000670276,0.000255802,0.000479479,0.000501079,0.000244141,4.49644e-05,0.000301892,0.000457764,0.000628521,0.000184847,0.000123437,0.000135932,0.000184847,0.000123437,7.19813e-05,3.09158e-05,5.86192e-05,1.6261e-05,8.51101e-05,8.51101e-05,